### V3 both yearly
      trades  net_pnl  win_rate
year                           
2012       1   -202.0       0.0
2013      20   -768.0      45.0
2014      18  -1193.0      33.3
2015      12     51.0      50.0
2016      12    309.0      58.3
2017      15    -62.0      60.0
2018      25  -1566.0      36.0
2019      26  -1623.0      30.8
2020      25   -237.0      48.0
2021      20     79.0      50.0
2022       3   -170.0      33.3

         label  trades  win_rate_%  profit_factor  final_equity  CAGR_%  maxDD_%  avg_pnl_per_trade
 V0 base 35/65     654        48.5           0.79        9685.0    -7.5    -57.2              -15.8
V1 minTarget6x     495        47.7           0.79       11654.0    -5.7    -46.5              -16.9
   V2 rsi30/70     207        45.4           0.75       15406.0    -2.8    -23.1              -22.2
       V3 both     177        43.5           0.66       14618.0    -3.4    -26.7              -30.4
