bars=480717  2004-06-11 07:15:00 -> 2025-09-30 19:30:00

### LondonBO(boxAsia)+D1trend
      trades  net_pnl  win_rate
year                           
2004       2      9.0      50.0
2005      10    580.0      60.0
2006      54   1003.0      44.4
2007      43   1448.0      51.2
2008     124   1259.0      41.1
2009     124  -1097.0      36.3
2010     122  -3254.0      36.9
2011     114   3004.0      47.4
2012     125  -5922.0      30.4
2013     122   3943.0      48.4
2014      84   1180.0      40.5
2015      90    945.0      45.6
2016     105   1603.0      43.8
2017      68  -1306.0      39.7
2018      93   -785.0      38.7
2019      89  -3281.0      37.1
2020     127    421.0      44.1
2021     132    277.0      40.9
2022     138   2834.0      45.7
2023     124  -4633.0      33.1
2024     137   4318.0      48.9
2025      47   2799.0      53.2 

### NYBO(boxLondon)+D1trend
      trades  net_pnl  win_rate
year                           
2004      15    -53.0      60.0
2005      29    746.0      69.0
2006     117    -89.0      48.7
2007      87    610.0      50.6
2008      87   2835.0      51.7
2009     124  -2277.0      42.7
2010     132   1595.0      50.0
2011     139   1671.0      47.5
2012     159  -4586.0      36.5
2013     154    664.0      44.8
2014     147    153.0      40.8
2015     141  -2942.0      33.3
2016     155  -1457.0      41.3
2017     110   -716.0      43.6
2018     113  -1227.0      45.1
2019     133  -1719.0      39.1
2020     148   -105.0      42.6
2021     169    585.0      45.0
2022     160   1323.0      50.6
2023     168   -773.0      41.1
2024     165    392.0      43.6
2025      57    221.0      47.4 

### AsiaBO(boxLateNY)+D1trend
      trades  net_pnl  win_rate
year                           
2004       3    674.0     100.0
2005       5     27.0      80.0
2006      63  -1853.0      33.3
2007      58   -219.0      43.1
2008      94   -196.0      39.4
2009      85    678.0      41.2
2010      82  -1242.0      40.2
2011      79   5852.0      55.7
2012      73    584.0      43.8
2013      70    410.0      42.9
2014      84   -833.0      39.3
2015      68   -322.0      41.2
2016      84   -664.0      40.5
2017      68  -2623.0      36.8
2018      82    972.0      43.9
2019      76  -1321.0      40.8
2020     106   4015.0      47.2
2021     115  -3185.0      33.0
2022     112   4209.0      47.3
2023     122   1886.0      44.3
2024     123   1166.0      45.5
2025      68   7424.0      52.9 

                    label  trades  win_rate_%  profit_factor  final_equity  CAGR_%  maxDD_%  avg_pnl_per_trade
        LondonBO(boxAsia)    3659        42.3           1.02       27993.0     1.6    -46.5                2.2
LondonBO(boxAsia)+D1trend    2074        41.9           1.02       25340.0     1.1    -38.4                2.6
          NYBO(boxLondon)    4163        44.0           0.97       11994.0    -2.4    -64.6               -1.9
  NYBO(boxLondon)+D1trend    2709        44.2           0.97       14850.0    -1.4    -51.5               -1.9
        AsiaBO(boxLateNY)    3049        41.9           1.04       37571.0     3.1    -44.2                5.8
AsiaBO(boxLateNY)+D1trend    1720        42.9           1.08       35439.0     2.8    -33.0                9.0
